%[text] 此函数的简短摘要。
%[text] 此函数的详细说明。
function Y0 = init_Y()
    % 初始化所有状态变量到一个统一的结构体中
    Y0 = zeros(1, 96);

    %% 膜电位和门控变量 (已修正)
    Y0(1) = -35.8; % Vm mV
    Y0(2) = 0.57; % p_CaL
    Y0(3) = 0.103; % p_h
    Y0(4) = 0.769; % p_Kv
    Y0(5) = 0.642; % m_KCa
    
    %% 离子浓度 与 钙系统
    Y0(6) = 140; % Ki mM
    Y0(7) = 5; % Nai mM
    Y0(8) = 30; % Cli mM
    Y0(9) = 0.25; % Caos μM
    Y0(10) = 0.1; % Cais μM
    Y0(11) = 0.1; % Caif μM

    Y0(12) = 19.219890762255005; % Ca_buff_os μM (外段缓冲)！！！！！！！！！
    Y0(13) = 80; % Ca_ls μM
    Y0(14) = 30; % Ca_hs μM
    Y0(15) = 80; % Ca_lf μM
    Y0(16) = 30; % Ca_hf μM
    Y0(17) = 19.219890762255005; % Cab μM(外段缓冲？)
     
    %% 光转导级联状态变量    
    Y0(18) = 6.5; % cGMP μM
    Y0(19) = 0; % PDE_active

    Y0(20) = 1260752.9391656774; % Arr
    Y0(21) = 1123332.7070674845; % Arr_di
    Y0(22) = 891795.41156464769; % Arr_tetra
    Y0(23) = 0; % G_GTP
    Y0(24) = 0; % Ga_GDP
    Y0(25) = 0; % Ga_GTP
    Y0(26) = 0; % Ga_GTP_PDE_a_Ga_GTP
    Y0(27) = 0; % Ga_GTP_a_PDE_a_Ga_GTP
    Y0(28) = 0; % Gbg
    Y0(29) = 8152518.8740886562; % Gt
    Y0(30) = 0; % Ops
    Y0(31) = 0; % Ops_G
    Y0(32) = 0; % Ops_G_GTP
    Y0(33) = 0; % Ops_Gt
    Y0(34) = 2000000.0; % PDE
    Y0(35) = 0; % PDE_Ga_GTP
    Y0(36) = 0; % PDE_a_Ga_GTP
    Y0(37) = 98152518.874088675; % R
    Y0(38) = 0; % R0
    Y0(39) = 0; % R0_G
    Y0(40) = 0; % R0_G_GTP
    Y0(41) = 0; % R0_Gt
    Y0(42) = 0; % R0_RKpre
    Y0(43) = 0; % R1
    Y0(44) = 0; % R1_Arr
    Y0(45) = 0; % R1_G
    Y0(46) = 0; % R1_G_GTP
    Y0(47) = 0; % R1_Gt
    Y0(48) = 0; % R1_RKpost
    Y0(49) = 0; % R1_RKpre
    Y0(50) = 0; % R2
    Y0(51) = 0; % R2_Arr
    Y0(52) = 0; % R2_G
    Y0(53) = 0; % R2_G_GTP
    Y0(54) = 0; % R2_Gt
    Y0(55) = 0; % R2_RKpost
    Y0(56) = 0; % R2_RKpre
    Y0(57) = 0; % R3
    Y0(58) = 0; % R3_Arr
    Y0(59) = 0; % R3_G
    Y0(60) = 0; % R3_G_GTP
    Y0(61) = 0; % R3_Gt
    Y0(62) = 0; % R3_RKpost
    Y0(63) = 0; % R3_RKpre
    Y0(64) = 0; % R4
    Y0(65) = 0; % R4_Arr
    Y0(66) = 0; % R4_G
    Y0(67) = 0; % R4_G_GTP
    Y0(68) = 0; % R4_Gt
    Y0(69) = 0; % R4_RKpost
    Y0(70) = 0; % R4_RKpre
    Y0(71) = 0; % R5
    Y0(72) = 0; % R5_Arr
    Y0(73) = 0; % R5_G
    Y0(74) = 0; % R5_G_GTP
    Y0(75) = 0; % R5_Gt
    Y0(76) = 0; % R5_RKpost
    Y0(77) = 0; % R5_RKpre
    Y0(78) = 0; % R6
    Y0(79) = 0; % R6_Arr
    Y0(80) = 0; % R6_G
    Y0(81) = 0; % R6_G_GTP
    Y0(82) = 0; % R6_Gt
    Y0(83) = 0; % R6_RKpost
    Y0(84) = 0; % R6_RKpre

    Y0(85) = 100000.0; % RGS
    Y0(86) = 0; % RGS_Ga_GTP_a_PDE_a_Ga_GTP
    Y0(87) = 0; % RGS_PDE_a_Ga_GTP
    Y0(88) = 579.63705245370477; % RK
    Y0(89) = 1847481.1259113443; % R_Gt
    Y0(90) = 9289648.9427743945; % RecT
    Y0(91) = 510930.69136749586; % RecR_Ca
    Y0(92) = 199420.362789458; % RecR_Ca_RK

    Y0(93) = 100000000.0; % Rtot
    Y0(94) = 0; % E_star

    Y0(95) = 0; % Ve
    Y0(96) = Y0(1)+Y0(95); % Vi        Vm=Vi-Ve

end

%[appendix]{"version":"1.0"}
%---
